nbr_destinations	5000

coordinates:
	
344	435
11	287
25	487
476	412
379	18
231	147
423	278
389	237
322	295
90	50
381	68
283	194
497	462
282	41
241	384
487	243
315	364
245	345
174	204
487	59
104	252
481	263
333	161
262	247
300	92
47	339
322	225
136	326
2	398
315	159
90	252
155	463
217	358
421	214
350	454
45	68
282	200
450	359
195	412
68	339
35	152
413	69
416	44
169	141
273	215
1	103
371	83
148	172
67	208
321	39
291	78
11	435
460	294
470	68
478	140
418	174
432	418
243	277
272	100
408	492
344	299
189	396
402	132
212	54
96	64
459	174
40	498
368	131
7	174
431	96
223	452
273	480
67	444
178	69
491	429
220	266
112	199
155	136
105	348
230	141
177	160
108	57
465	406
256	380
107	151
143	481
344	144
35	408
115	292
486	459
251	387
353	68
67	328
187	319
462	454
130	408
286	106
116	371
246	124
207	208
271	43
375	361
199	17
90	19
493	167
115	386
193	475
124	230
321	220
373	455
347	335
320	75
274	20
350	468
195	291
242	45
151	65
407	14
343	402
77	492
328	309
280	426
246	209
487	239
413	364
268	41
78	485
97	364
181	467
276	292
400	84
428	315
144	280
83	499
367	228
257	357
365	38
98	303
76	104
229	168
136	216
345	314
29	175
436	177
152	299
264	315
89	301
449	136
482	149
294	396
25	90
372	55
495	326
457	178
345	152
179	165
217	115
116	357
39	59
109	427
391	384
131	198
486	218
378	434
132	297
350	30
427	212
288	421
207	73
101	33
44	318
443	93
433	131
16	462
95	357
445	341
37	62
1	91
127	146
418	129
2	322
293	223
91	119
349	41
325	207
82	342
228	321
208	181
228	175
339	25
403	209
427	320
7	372
377	0
316	429
93	495
10	389
347	433
0	434
81	180
479	136
423	292
23	89
322	225
1	286
367	434
250	108
183	108
124	400
356	44
449	280
203	74
281	246
498	227
70	450
294	242
228	171
25	123
239	55
253	448
276	282
209	182
60	121
478	124
252	373
158	223
70	110
97	226
41	77
28	437
168	26
367	46
490	454
260	139
270	6
294	419
18	329
481	483
264	453
110	113
277	246
115	473
55	203
134	29
166	342
419	103
352	202
472	389
245	367
308	180
167	99
76	418
178	240
186	271
284	91
25	99
284	8
403	411
361	32
282	261
235	188
404	293
9	291
398	210
34	232
352	47
69	221
72	268
5	284
358	177
51	180
195	305
136	468
397	123
418	448
350	342
349	57
154	12
495	88
4	66
85	487
146	218
470	348
496	418
379	63
335	109
473	387
306	440
106	352
70	319
335	300
292	6
384	59
460	390
106	362
374	133
281	285
192	155
213	125
254	168
387	418
454	375
498	108
392	184
193	61
10	338
96	199
382	62
66	496
229	321
430	108
157	331
167	478
59	41
90	288
137	333
266	5
22	47
230	296
224	96
307	7
73	444
66	270
468	21
198	350
254	0
423	231
396	239
234	294
142	164
469	383
66	426
3	227
169	42
69	86
355	433
76	422
123	241
287	252
316	37
486	70
187	135
89	249
403	149
246	465
59	353
314	116
232	122
103	146
161	271
423	403
312	179
389	402
199	481
145	177
52	67
470	273
123	215
272	25
474	191
405	411
360	322
497	23
227	62
145	369
7	101
352	398
347	485
41	362
458	421
262	366
8	355
175	249
360	66
496	8
386	235
136	451
266	193
446	67
39	474
466	491
379	318
300	423
44	68
481	344
208	439
228	326
278	416
441	27
496	461
121	365
254	414
138	75
52	28
381	440
125	446
209	22
352	370
243	211
368	383
45	206
272	413
481	141
252	323
279	439
380	29
11	321
302	419
188	417
180	321
350	299
88	445
443	372
140	319
313	397
477	443
456	342
80	422
307	448
433	463
373	352
176	433
442	426
254	283
161	355
20	463
481	427
456	212
147	258
137	86
227	422
41	116
207	278
134	434
468	455
33	269
344	152
31	101
247	55
191	14
7	179
325	366
54	189
101	342
358	40
240	392
263	293
296	362
201	483
231	66
246	308
121	13
156	142
279	17
84	9
64	379
290	494
35	163
233	296
16	485
443	414
52	136
122	186
473	360
242	26
131	428
43	249
128	15
84	121
326	230
394	63
142	47
347	476
86	496
210	160
472	486
387	228
251	242
148	338
364	371
416	81
141	442
413	350
118	30
349	371
136	346
497	74
203	206
45	261
113	63
269	26
333	156
94	282
395	30
338	420
457	282
124	93
159	122
375	206
415	439
230	138
235	323
354	257
461	263
357	361
490	279
466	389
420	269
107	120
489	144
490	97
152	299
469	429
99	22
392	69
492	133
108	183
22	164
287	448
343	211
143	488
219	104
62	474
468	190
202	474
193	120
405	472
310	111
280	451
418	161
442	356
364	425
302	86
0	433
497	428
150	126
302	146
256	382
123	460
29	90
192	291
339	363
244	366
322	9
404	166
95	168
200	78
43	27
261	147
170	234
113	428
404	479
26	334
155	153
402	83
376	282
397	29
486	204
1	390
109	319
171	353
172	373
154	372
314	254
12	366
423	371
417	149
451	291
273	170
462	222
11	356
491	298
384	358
43	462
410	36
213	254
29	314
99	301
356	469
396	431
408	459
273	348
359	310
43	38
36	4
150	491
223	178
384	81
286	399
370	407
305	121
340	13
71	399
125	133
134	413
137	130
245	398
266	310
309	471
206	399
349	482
263	170
476	274
411	188
214	129
3	455
420	408
10	105
304	318
274	280
239	497
57	371
266	134
235	356
121	425
70	319
172	390
73	390
12	203
326	375
456	290
453	120
197	457
413	186
325	257
189	162
273	332
401	193
283	221
252	334
9	355
262	257
320	429
179	435
245	105
371	325
146	391
390	267
14	229
111	392
494	449
428	95
135	11
448	336
145	185
489	436
87	386
471	87
326	351
487	237
141	225
153	488
17	112
132	349
90	3
95	98
250	146
57	63
345	457
94	314
24	268
454	10
294	285
264	107
481	404
51	296
214	314
28	69
128	36
231	441
8	444
305	340
433	332
465	363
151	71
80	161
179	172
74	64
405	0
293	481
278	296
248	497
422	261
429	291
197	1
17	383
410	203
142	440
208	199
31	481
413	415
77	249
266	250
362	359
238	20
238	294
125	371
497	107
255	301
39	72
56	414
184	159
51	93
281	248
415	415
341	203
404	200
353	484
362	426
426	410
204	248
395	10
104	284
179	286
55	102
122	72
430	246
482	269
294	225
154	192
249	7
369	132
290	39
72	296
67	348
449	64
47	353
153	105
14	229
291	54
381	249
31	424
58	91
349	362
157	439
417	150
167	225
156	256
0	274
171	117
308	20
189	119
262	58
111	382
293	377
51	379
304	317
33	484
229	183
465	300
395	72
491	372
300	215
158	80
10	421
389	173
446	422
472	7
87	71
238	406
345	371
343	133
114	19
264	480
375	419
328	325
236	103
475	462
117	111
435	238
252	63
358	338
224	406
123	190
209	421
168	116
31	412
17	409
30	198
352	123
39	300
252	20
360	440
250	450
129	243
462	387
263	288
403	412
7	227
241	353
396	391
303	357
455	221
459	293
35	171
462	174
113	88
202	77
319	252
358	126
105	376
280	224
393	473
246	164
230	115
444	133
184	290
379	293
444	296
182	83
427	289
213	5
186	48
342	236
112	303
149	38
420	238
25	128
355	89
137	250
138	156
218	65
481	245
298	236
103	206
442	378
477	476
465	79
418	248
468	357
445	468
126	216
415	49
241	439
498	176
472	238
459	132
352	225
451	109
386	305
259	135
311	22
349	213
35	229
64	327
255	297
397	291
390	78
354	497
407	153
448	135
481	155
196	425
402	309
354	297
102	113
244	234
228	391
243	323
273	347
345	95
445	119
220	460
195	228
164	378
437	307
138	182
386	162
361	360
400	237
182	497
326	167
16	257
414	450
107	118
433	20
200	31
136	426
143	48
307	47
5	127
105	279
457	419
295	487
27	433
397	197
67	350
51	356
104	287
261	25
185	495
431	233
298	26
428	252
224	3
210	255
154	146
156	323
75	280
178	21
21	412
46	214
245	51
252	152
59	435
437	446
321	386
5	269
466	238
119	437
32	404
462	128
11	146
453	234
462	81
189	349
388	185
479	471
364	132
113	190
66	215
5	396
487	13
41	421
489	41
331	415
447	379
325	37
443	326
398	227
140	297
255	138
492	420
0	436
72	406
171	423
124	409
223	75
455	246
58	401
326	492
169	331
285	136
470	87
382	371
185	17
231	196
220	185
384	324
244	409
190	140
32	55
275	363
349	43
269	125
329	317
142	223
453	374
30	44
258	130
221	126
443	349
401	303
97	362
77	35
449	110
364	455
442	289
99	491
24	108
229	465
313	92
165	230
271	287
407	327
359	173
200	293
452	24
8	69
141	141
466	28
37	395
163	190
385	10
89	190
327	195
455	286
478	451
185	265
354	178
410	88
187	373
2	169
35	303
111	7
112	317
104	418
317	69
335	346
87	126
344	172
236	219
239	133
420	457
117	416
88	191
252	3
78	213
400	138
206	325
157	252
118	386
346	306
32	450
173	142
46	160
473	13
21	387
294	365
220	99
75	235
247	158
193	473
278	178
381	460
163	218
212	180
256	250
477	320
340	376
43	114
118	341
72	349
343	397
138	175
376	97
167	54
184	447
286	201
81	444
198	266
250	70
183	104
461	419
116	485
343	470
118	219
73	381
128	359
490	165
104	446
499	254
311	312
134	127
281	287
370	82
194	498
269	201
58	19
473	462
160	435
34	460
363	212
317	123
490	197
217	9
428	22
478	164
304	351
303	489
28	400
461	378
498	363
299	187
289	490
161	98
392	235
461	378
32	114
437	476
237	238
254	114
271	228
327	176
288	85
253	464
213	87
211	153
402	12
415	389
479	268
344	328
129	264
391	341
435	224
193	248
265	333
295	33
83	91
353	173
347	295
413	198
98	261
359	10
492	207
438	321
74	69
294	416
54	208
206	7
442	334
46	378
387	203
497	189
461	228
236	189
344	369
310	287
261	285
233	423
383	398
404	145
293	30
383	53
216	446
136	86
115	197
286	279
235	309
51	54
346	22
389	248
372	404
70	157
172	476
266	365
245	42
272	200
32	58
444	176
419	157
86	461
224	224
44	423
88	213
371	380
0	317
494	204
374	422
159	301
361	169
201	415
330	183
324	230
399	126
332	369
386	387
391	364
355	204
445	313
395	392
151	215
433	202
350	371
67	119
82	92
202	32
114	414
59	469
270	344
158	253
19	124
5	150
217	319
87	44
303	78
419	218
340	103
115	156
346	342
54	229
323	5
122	58
217	198
128	440
259	28
441	487
222	168
309	171
2	427
15	292
13	1
341	147
394	293
420	164
16	480
184	239
142	336
160	242
255	466
0	340
410	72
124	317
56	409
274	51
267	86
97	17
215	303
373	230
436	255
226	297
51	482
44	309
326	417
282	352
403	199
68	165
485	334
399	430
489	265
411	320
340	190
236	370
78	472
30	333
392	327
43	488
439	252
311	78
276	64
27	329
169	1
379	122
322	72
362	19
413	285
477	171
292	162
48	476
340	140
420	411
244	216
426	87
336	61
421	468
8	46
455	217
261	379
53	329
470	466
426	23
421	264
323	72
41	78
108	130
280	178
40	163
397	462
134	281
147	434
409	425
398	225
449	338
380	326
304	324
401	142
117	307
292	100
70	18
357	318
194	436
283	355
85	343
183	82
89	7
227	186
315	222
178	411
147	450
201	18
345	473
247	369
444	442
38	202
309	63
489	298
281	107
291	434
364	25
97	106
394	240
225	151
256	439
431	399
224	489
24	54
379	330
271	76
203	368
216	426
37	478
452	199
261	30
311	244
189	150
204	104
477	453
319	131
116	145
490	165
384	90
114	155
32	192
474	353
183	162
476	419
229	342
432	103
158	486
243	409
199	118
64	151
389	472
303	246
202	22
387	253
19	261
498	469
244	259
80	382
182	123
464	6
274	233
35	360
152	294
463	217
391	357
161	283
76	488
25	101
78	46
242	51
201	419
72	223
356	499
453	134
281	231
432	251
103	221
30	129
67	279
88	115
204	95
431	196
357	474
3	376
398	443
466	228
30	483
256	30
43	312
136	405
497	367
290	433
441	419
473	206
167	72
441	268
462	12
325	482
120	305
79	115
19	4
460	203
54	486
343	402
106	134
47	128
408	46
368	409
400	207
112	147
396	361
147	239
63	428
273	353
285	278
8	381
223	337
12	371
29	183
28	474
289	361
324	305
119	33
322	10
375	134
202	205
2	91
332	425
8	335
228	310
420	152
462	351
230	421
486	70
471	86
151	111
175	156
280	378
43	447
102	498
162	350
432	174
437	13
494	462
328	372
237	148
37	159
478	89
235	149
382	292
252	148
141	84
356	377
266	210
310	417
46	346
410	91
110	388
493	431
492	365
448	369
211	3
188	320
83	238
107	118
127	399
44	160
165	415
269	26
288	173
10	114
369	181
439	471
16	342
382	94
39	295
211	104
273	87
93	202
449	419
174	162
426	224
216	363
467	470
414	385
328	223
50	150
207	357
416	73
313	300
329	333
282	32
379	286
84	368
308	45
464	187
94	182
63	480
462	8
191	281
390	224
331	296
49	190
85	171
474	304
183	90
160	57
473	95
232	323
24	238
425	34
125	271
438	118
242	402
131	391
18	361
410	176
285	345
213	69
94	330
200	462
456	173
24	137
28	465
83	236
153	162
332	173
255	207
376	474
142	450
211	45
139	402
33	153
69	376
60	356
406	108
162	401
417	159
197	38
284	262
151	455
326	34
246	272
342	490
12	270
420	0
399	82
10	364
120	327
408	7
272	250
425	494
14	459
273	50
312	211
88	153
253	412
404	4
225	230
203	314
255	210
496	424
457	104
332	38
378	290
214	349
112	423
236	335
273	34
126	309
231	8
32	483
293	17
299	319
354	376
353	280
173	73
270	386
438	477
100	225
52	442
167	170
168	52
262	17
286	239
14	232
291	178
428	388
382	473
115	319
237	64
228	59
265	233
458	119
47	13
498	160
317	206
19	390
247	140
131	253
23	338
166	431
301	228
277	167
393	24
444	69
435	270
149	457
439	316
3	190
26	199
158	20
22	308
281	237
163	240
160	46
448	103
122	278
87	411
70	441
9	449
345	483
14	244
426	379
277	424
314	346
177	367
409	417
226	98
47	56
79	55
484	361
322	130
297	445
123	482
291	138
450	6
371	79
151	373
125	20
292	287
427	165
282	234
38	138
142	94
43	70
99	237
15	182
288	403
241	277
231	433
197	189
142	225
182	143
311	130
466	37
82	110
346	183
223	343
249	9
113	134
358	186
271	291
285	456
383	429
476	145
225	1
107	263
310	291
374	453
28	397
83	194
319	77
402	498
238	234
431	47
164	383
455	222
479	36
283	248
271	14
223	229
291	441
365	20
328	424
266	432
16	134
266	150
182	280
349	83
173	88
374	67
419	249
231	18
47	349
304	274
31	8
373	153
235	378
51	179
132	468
275	357
129	148
214	322
496	75
413	491
2	132
492	251
293	216
27	100
435	165
408	181
395	201
344	377
80	383
86	133
290	267
393	222
193	171
71	418
188	134
403	209
247	7
301	467
226	80
493	465
55	296
208	474
444	331
14	205
137	16
325	369
388	169
288	344
354	47
130	177
11	445
198	45
151	76
287	29
408	281
177	350
455	327
367	181
250	95
304	382
364	450
28	69
129	486
328	456
482	357
454	156
437	416
16	383
337	328
252	331
352	435
353	62
199	449
325	165
36	73
302	378
496	108
452	382
179	470
372	385
499	117
471	383
369	498
299	467
123	406
87	478
292	425
411	305
411	251
66	479
343	349
359	363
84	483
404	35
290	300
229	27
411	118
358	57
67	85
476	94
416	322
65	453
232	437
4	63
87	388
147	7
74	351
241	44
182	374
200	438
87	294
27	458
469	472
314	307
240	183
363	330
476	265
85	313
443	341
456	496
111	96
159	408
182	87
498	157
353	193
456	56
37	10
30	43
472	168
335	157
163	437
411	461
447	382
411	186
222	139
306	60
372	404
302	151
382	101
343	127
369	157
189	208
173	342
182	160
66	477
193	198
449	447
365	254
361	162
127	87
324	345
352	68
116	276
229	140
135	324
100	184
494	337
378	236
439	148
2	415
18	151
357	11
102	137
466	81
265	380
230	193
422	284
388	63
280	306
290	430
232	94
4	30
340	490
43	453
118	169
491	274
440	159
302	252
481	255
95	86
157	52
495	428
35	476
415	229
353	444
279	246
278	61
380	472
311	263
453	470
319	41
401	415
103	485
80	488
275	125
443	57
316	159
74	63
392	337
157	134
393	430
76	380
36	86
108	218
399	13
26	181
221	236
71	349
85	207
280	388
159	255
197	123
18	316
15	227
153	215
409	226
405	443
284	299
283	62
284	164
416	463
21	239
325	198
451	385
357	427
184	323
58	65
104	319
115	367
419	275
265	386
336	297
274	323
406	84
99	307
468	318
118	65
315	403
278	219
67	445
467	97
30	475
275	434
273	92
83	277
17	389
480	202
279	328
66	407
105	310
387	122
103	200
5	296
334	50
296	490
480	55
55	104
406	237
303	428
428	140
403	90
333	399
375	86
303	353
239	82
230	282
131	39
250	435
13	79
12	324
313	121
150	89
457	208
450	188
333	21
312	367
145	301
64	361
250	480
291	122
243	349
167	156
416	342
137	466
122	14
196	296
215	306
172	193
109	490
256	110
446	175
495	267
282	186
57	324
144	390
389	106
72	359
79	96
294	27
356	465
264	198
191	419
370	23
227	498
371	93
159	264
113	296
23	269
334	486
492	208
49	190
355	377
132	276
462	341
120	197
343	32
259	106
347	77
39	374
120	493
467	74
28	329
119	253
73	370
105	8
309	49
403	370
191	207
41	429
217	400
478	234
205	195
328	347
139	245
69	16
304	356
85	8
258	479
91	426
116	409
223	440
61	206
459	135
133	313
5	357
283	152
222	396
371	390
93	52
427	84
481	181
362	0
186	351
97	439
470	11
414	402
325	267
435	380
431	65
159	153
310	60
256	374
265	73
197	186
15	470
224	102
483	221
421	6
248	152
437	76
216	456
377	457
429	448
167	294
99	60
483	433
411	67
256	138
482	183
135	21
111	196
37	46
226	68
412	277
96	218
139	108
64	465
222	358
16	168
478	485
314	244
30	8
428	18
368	464
198	395
324	249
395	274
114	313
254	102
188	261
422	285
5	368
466	113
325	361
239	122
78	53
89	77
96	30
284	420
15	403
316	201
429	393
172	65
171	139
172	435
208	242
498	198
314	63
431	442
329	123
148	450
170	186
207	406
481	223
5	161
77	488
305	341
102	209
343	148
465	11
60	306
350	176
273	237
175	302
251	122
52	303
189	337
211	127
217	229
316	432
214	397
35	294
440	291
63	409
462	328
459	106
481	249
432	324
61	401
10	273
277	27
136	112
224	458
71	121
371	36
251	391
235	253
204	482
51	155
415	94
211	488
170	148
255	306
256	220
327	46
410	423
234	39
414	376
219	266
245	467
280	41
52	238
488	397
296	432
166	417
416	234
168	288
420	144
492	79
375	74
392	329
499	57
169	119
258	423
396	248
325	422
0	22
251	36
245	408
275	339
234	5
216	35
259	121
219	47
493	266
276	77
98	149
446	319
314	239
191	79
277	137
75	490
128	200
414	41
33	246
390	424
462	194
96	120
426	54
286	493
297	36
282	85
3	254
209	205
67	55
290	113
116	184
144	446
139	435
331	485
346	159
148	267
359	86
191	25
203	72
426	297
361	301
364	102
261	141
259	258
281	23
103	314
39	293
51	347
131	100
215	336
439	320
61	459
277	439
303	146
9	174
325	404
428	169
395	189
58	409
205	294
135	103
42	181
221	221
221	233
97	332
58	99
105	181
446	161
267	154
494	196
267	308
313	329
27	80
147	136
8	139
409	459
59	483
203	146
153	371
8	55
487	470
228	272
366	333
286	105
182	167
329	77
91	71
338	354
13	490
271	197
125	238
374	103
93	55
213	257
73	123
294	211
69	245
197	409
111	348
301	130
233	455
492	399
352	478
458	25
240	350
401	191
347	126
36	258
442	134
454	390
24	146
422	386
126	213
300	477
388	327
79	373
261	136
99	129
81	210
7	186
28	246
355	370
432	4
47	286
113	82
100	222
213	388
297	219
435	65
130	172
137	313
117	394
257	242
5	163
168	38
408	282
406	365
434	346
223	83
472	149
467	53
151	43
230	423
325	172
195	59
347	390
346	86
14	48
281	143
379	1
156	354
425	93
390	162
113	91
56	220
458	367
440	116
265	319
30	114
225	353
411	65
198	388
179	451
190	96
99	18
289	391
177	51
255	339
363	398
474	446
158	102
174	321
119	239
88	141
45	114
226	428
170	464
293	212
49	363
498	370
112	455
203	266
3	149
417	47
473	442
439	401
147	486
478	155
256	290
253	389
175	161
477	406
317	400
114	472
82	259
148	417
151	337
4	200
250	458
119	365
333	424
81	430
442	303
452	237
280	373
92	67
472	302
311	482
431	414
330	115
55	258
411	242
366	242
309	75
146	368
182	195
235	481
460	52
95	241
12	386
391	120
289	363
172	254
352	90
53	104
361	305
165	329
44	4
129	164
115	498
191	143
45	223
78	325
360	3
186	365
380	287
360	355
255	182
383	296
286	367
250	466
294	310
58	271
117	389
193	12
187	281
457	214
56	118
259	307
116	271
130	318
298	280
304	30
423	231
453	405
91	97
395	466
230	78
263	216
264	431
85	6
236	32
56	173
271	67
213	337
341	493
1	380
345	336
122	236
113	361
142	368
398	475
80	55
397	234
377	153
72	34
142	82
284	356
304	293
71	159
237	6
443	179
462	184
37	8
115	119
97	446
438	341
223	146
92	357
363	112
90	445
154	131
16	352
9	203
257	341
195	130
146	33
282	139
477	41
39	467
486	233
199	153
417	129
303	478
475	447
168	402
128	192
308	438
446	236
336	95
147	33
39	191
65	128
326	284
410	264
314	18
64	48
18	75
451	459
176	130
242	131
347	139
41	347
453	243
49	370
268	139
170	190
315	468
17	253
110	482
325	484
282	145
332	242
79	438
164	448
269	307
153	219
322	159
191	390
217	253
144	466
496	67
398	344
344	234
331	314
11	185
158	450
451	32
327	92
102	228
421	279
235	132
163	216
287	239
141	39
37	273
191	75
447	479
340	29
133	452
106	301
101	326
294	301
482	434
421	62
255	0
80	149
160	194
293	450
470	357
498	9
64	382
287	363
186	84
102	51
203	396
439	7
223	171
419	413
410	96
336	240
121	30
378	164
147	137
34	405
77	243
116	345
386	149
268	448
477	72
429	466
252	342
210	348
263	246
26	243
247	37
131	350
410	326
111	159
224	33
419	57
114	335
382	281
147	106
205	127
260	325
322	37
166	204
182	104
467	414
155	126
262	294
180	36
468	28
372	307
291	337
459	58
446	199
167	393
148	32
363	37
346	194
47	116
64	160
111	67
316	287
410	79
58	47
355	313
39	4
419	70
493	442
323	128
137	74
333	191
28	173
121	488
268	486
181	52
375	482
74	308
314	389
332	53
263	36
393	443
181	39
50	124
113	311
270	331
111	304
127	214
283	370
80	45
142	12
169	56
29	80
135	5
308	88
207	156
202	48
6	228
176	383
119	76
100	45
177	374
363	498
233	447
70	302
244	180
352	433
41	417
273	359
309	289
68	340
404	401
61	139
185	162
390	234
248	414
20	252
319	91
286	394
86	256
100	499
143	57
434	278
195	354
128	482
348	487
236	110
220	343
30	243
491	127
489	311
31	499
203	124
281	88
433	98
376	385
397	286
468	451
39	464
65	127
387	411
174	412
45	285
189	83
297	42
403	428
253	199
342	82
141	488
255	378
465	293
402	272
73	226
205	4
284	174
233	197
19	319
384	73
462	381
360	416
424	293
138	433
88	8
79	55
76	8
444	178
329	175
84	432
205	336
30	459
49	496
257	319
483	198
365	284
301	38
438	142
465	411
435	394
136	7
216	63
138	10
192	498
363	480
182	6
468	236
360	215
106	322
499	454
468	43
170	374
480	100
181	470
259	209
255	271
398	333
475	209
318	356
256	391
432	24
52	224
42	249
295	93
326	152
318	53
293	379
342	451
440	451
31	391
307	83
353	104
282	405
86	334
108	287
20	245
112	24
466	442
164	72
430	354
350	162
313	420
178	390
74	247
245	416
374	486
251	16
322	425
84	187
296	405
97	330
411	175
75	354
432	339
1	225
174	316
166	473
446	248
67	187
261	265
75	322
320	162
49	389
285	457
143	447
52	107
312	114
77	83
88	368
354	131
417	107
2	496
298	87
380	260
392	243
17	487
465	92
276	63
304	26
79	26
56	249
376	7
209	143
336	340
65	205
65	103
320	375
90	194
370	478
226	201
22	105
302	212
196	188
53	470
417	474
236	102
195	318
283	161
336	344
453	141
76	181
491	358
251	293
184	394
109	489
458	78
56	334
177	383
316	18
133	15
475	118
247	43
320	112
233	150
30	210
390	420
214	336
381	336
349	292
485	468
248	144
163	491
11	166
38	202
17	272
43	240
290	57
132	427
442	389
150	365
322	321
135	119
66	135
479	290
302	213
380	79
343	220
117	125
89	137
44	291
294	103
398	71
142	193
380	235
395	28
169	155
105	16
383	127
94	268
405	191
435	48
490	265
102	459
220	268
104	362
27	375
165	152
412	440
0	112
267	331
93	65
440	387
189	284
75	53
212	465
340	136
182	364
162	101
336	371
228	458
372	146
444	474
16	302
116	6
207	182
472	319
5	32
170	109
180	57
183	247
389	345
242	180
450	438
17	138
403	111
349	441
127	264
455	312
403	29
90	389
111	5
279	227
258	221
411	38
185	426
426	46
336	428
248	44
444	121
166	97
45	151
247	117
343	77
455	189
392	145
426	310
381	66
482	451
66	165
499	345
305	416
464	90
419	6
47	170
6	103
407	455
94	219
354	389
175	57
13	65
245	374
28	368
335	204
366	211
287	59
434	107
494	267
370	414
212	499
373	453
174	253
400	418
300	339
386	457
15	347
128	256
404	29
148	491
355	117
205	10
346	214
304	459
354	34
351	328
372	176
340	294
119	390
486	259
249	51
279	470
472	388
157	250
255	312
426	136
101	394
179	422
47	236
261	81
257	294
332	151
155	432
382	264
82	156
261	314
423	452
365	303
397	36
19	374
450	429
350	431
123	387
391	21
37	464
486	110
45	218
377	34
5	302
301	380
433	60
452	487
396	285
468	460
250	23
407	494
427	59
424	386
327	3
230	485
434	291
405	101
204	107
449	75
125	296
455	308
175	245
107	197
208	205
260	102
272	284
72	56
448	362
256	352
172	331
228	0
184	207
143	311
81	33
205	20
344	70
258	127
264	473
343	206
201	339
165	193
153	15
447	57
318	70
2	30
79	198
447	7
480	94
132	471
153	292
488	382
442	162
24	158
1	73
420	437
457	208
80	311
60	394
399	173
61	423
342	446
131	417
430	50
281	75
360	253
454	431
118	257
271	225
215	160
57	60
361	305
217	257
195	310
330	43
433	105
65	102
144	68
368	388
15	345
333	2
264	266
314	123
144	177
63	460
350	402
376	228
291	104
341	7
139	170
272	294
25	123
65	278
216	430
82	371
18	92
382	431
70	125
65	315
366	246
193	358
200	83
490	246
109	204
1	36
404	290
307	105
178	203
314	238
62	366
166	41
196	167
41	26
435	431
261	25
195	436
266	486
343	91
484	293
144	298
164	106
259	58
235	170
136	491
108	464
151	492
90	270
209	77
314	63
124	263
84	110
472	315
42	194
378	59
21	390
31	274
123	12
2	19
318	381
224	218
387	183
93	391
349	156
204	96
61	475
387	469
117	101
469	67
221	94
172	194
281	17
275	256
294	226
223	4
474	448
470	492
455	324
265	263
488	453
181	302
165	456
481	86
308	36
108	255
442	20
127	137
461	386
443	116
469	216
232	438
146	1
265	484
123	353
391	213
33	318
106	9
307	392
495	50
402	212
116	49
234	126
390	107
180	392
284	462
452	255
39	160
470	256
218	360
308	16
200	204
223	46
148	335
179	214
51	335
106	56
231	391
121	186
369	4
342	423
34	414
274	53
294	442
183	126
188	230
70	344
246	65
230	490
497	389
305	115
327	483
232	441
409	374
439	414
140	337
367	201
440	171
316	388
131	189
316	31
403	315
345	324
31	195
83	46
481	411
360	249
202	70
425	331
127	207
52	205
23	101
24	120
126	387
190	163
176	108
137	403
169	19
416	403
61	175
176	337
255	209
246	293
259	451
100	330
189	400
331	207
294	45
372	277
137	108
492	442
219	160
434	1
207	378
249	114
450	39
404	416
216	187
397	288
36	342
233	341
322	478
389	141
361	32
123	199
153	360
409	181
418	420
24	14
192	404
186	74
492	346
200	103
475	165
166	333
355	100
304	184
186	369
222	45
280	291
150	315
89	257
142	429
95	368
326	174
314	61
475	344
209	493
322	101
5	107
236	332
174	464
498	253
410	225
494	321
87	56
112	257
37	148
347	280
9	57
404	156
169	341
458	290
143	62
281	199
198	268
293	477
104	58
94	434
2	497
456	139
62	10
85	68
162	85
224	340
68	498
315	441
318	360
21	146
384	389
269	97
92	478
243	132
149	355
488	187
233	75
342	165
69	142
161	305
400	248
241	344
119	412
437	68
488	17
186	487
491	5
242	466
430	463
435	421
472	99
328	354
344	6
38	390
476	86
493	76
282	365
297	344
116	270
5	390
400	66
194	481
143	430
233	139
498	73
189	289
267	340
95	149
478	337
256	259
40	466
216	120
321	252
413	296
290	440
204	331
198	445
384	337
402	69
81	232
436	246
4	339
173	177
0	300
32	285
318	146
239	449
354	238
56	109
285	356
421	479
352	235
297	232
319	37
427	105
339	396
409	323
141	239
482	115
107	261
141	187
222	205
206	287
68	461
404	63
141	193
81	59
28	425
489	57
238	371
125	58
297	396
493	104
488	53
98	124
109	170
470	313
154	134
217	261
232	167
352	380
316	301
470	266
316	354
407	417
386	246
242	45
281	332
191	393
133	433
429	424
245	191
398	120
272	487
425	90
197	134
125	26
244	78
80	78
28	201
3	232
151	446
245	233
379	19
0	110
188	91
295	105
175	102
214	380
416	47
152	10
388	138
491	147
103	7
487	91
237	491
92	274
472	323
282	467
325	130
63	459
260	300
212	497
367	45
389	465
324	186
283	374
431	400
277	281
182	400
83	408
270	120
43	163
379	393
197	178
125	80
413	388
123	390
284	448
326	152
324	91
178	1
307	266
76	268
495	65
400	49
48	157
368	179
47	63
474	200
226	115
378	31
173	196
343	99
379	261
483	220
119	453
307	218
6	268
350	54
174	11
211	339
130	479
377	490
241	205
314	253
85	469
400	188
475	381
92	466
117	460
134	193
313	417
491	499
366	178
430	437
426	267
381	212
93	29
183	110
36	319
291	299
442	60
348	170
101	89
440	115
234	390
484	427
62	409
414	283
9	200
178	6
242	421
119	454
305	271
25	378
61	123
236	9
485	69
77	367
329	441
1	147
258	143
344	445
263	463
247	310
57	437
285	344
286	413
396	120
14	378
72	420
479	343
295	430
22	379
451	56
163	94
337	168
321	193
478	68
40	53
155	168
424	333
215	145
339	10
94	486
448	362
419	436
139	265
422	239
381	174
18	440
324	330
149	272
24	290
214	200
308	48
246	309
280	481
329	498
293	246
491	408
344	369
138	256
416	394
42	337
138	183
299	473
91	122
436	2
81	106
293	80
408	105
184	373
92	360
294	490
467	284
340	327
428	65
309	230
499	278
126	77
441	82
349	292
197	218
85	341
433	159
334	493
71	58
65	237
295	427
70	115
310	83
489	441
313	82
305	330
180	97
100	37
422	158
161	428
254	30
219	212
192	80
393	142
346	172
228	0
147	225
145	374
325	236
122	144
435	275
353	438
330	259
258	487
242	411
261	483
117	421
311	448
179	154
435	188
468	438
354	402
435	366
196	466
477	192
366	306
367	128
297	200
13	368
401	182
239	25
151	50
10	425
313	402
464	311
151	395
226	474
87	343
42	479
478	476
285	1
351	177
27	166
397	360
374	52
93	406
50	241
254	220
474	229
372	303
300	131
381	234
179	171
239	371
114	263
219	456
286	252
35	245
157	48
122	12
329	198
337	463
35	467
355	246
369	480
422	401
204	9
345	67
428	148
337	402
218	127
20	33
35	453
158	96
95	415
275	186
477	16
475	390
283	218
28	264
258	308
237	382
478	389
364	163
272	55
234	57
314	374
68	349
329	59
130	43
119	194
172	498
411	148
289	266
404	242
283	221
53	267
278	389
228	240
353	217
32	166
466	450
130	120
67	289
172	328
457	411
435	285
450	134
150	356
448	174
19	359
436	167
280	154
149	186
236	61
104	431
0	447
25	471
322	22
53	316
198	311
212	123
293	61
180	195
30	10
395	40
89	98
489	275
96	41
189	30
260	228
26	450
311	148
439	327
210	119
407	232
110	267
39	307
487	353
246	140
349	303
336	407
24	287
308	204
260	176
187	411
355	426
481	389
97	370
151	338
390	48
84	193
58	186
342	255
483	90
48	371
385	123
57	319
186	165
236	236
25	459
19	479
356	267
351	425
243	161
210	129
70	16
340	277
170	494
460	435
135	87
467	325
310	382
403	477
289	412
326	439
138	226
57	477
101	329
264	98
201	429
164	26
246	351
400	206
220	253
251	83
345	376
486	366
385	420
438	491
475	181
492	379
225	129
265	101
445	354
10	135
334	358
321	67
378	462
279	68
497	37
169	420
124	42
97	113
149	65
405	123
138	135
280	130
426	247
210	79
171	466
99	325
378	299
344	187
130	16
481	137
243	283
186	464
372	296
105	491
123	8
30	320
184	474
277	0
410	206
301	335
313	176
415	112
99	302
178	94
442	330
442	451
226	139
100	421
420	63
5	411
282	303
19	238
484	155
64	167
344	336
106	393
42	272
180	387
74	410
420	160
482	87
143	434
485	277
169	310
414	394
377	103
79	245
93	101
257	257
276	49
405	123
341	146
30	7
328	267
318	282
439	141
262	360
227	128
229	453
150	371
421	153
353	260
90	417
32	5
161	161
349	454
313	213
478	249
84	296
262	416
56	256
70	85
246	108
122	467
21	46
307	105
381	125
22	269
410	344
191	359
91	130
415	223
295	451
448	122
402	332
342	425
439	406
151	457
383	387
337	15
50	70
484	158
286	2
391	392
67	155
335	322
159	296
11	380
299	217
300	153
95	150
97	23
480	165
120	40
347	278
198	337
75	175
377	424
140	478
176	314
294	372
48	121
272	52
452	489
282	11
134	134
427	166
266	338
154	293
366	373
231	280
420	393
493	243
33	242
207	83
186	54
19	348
442	314
480	434
134	313
80	289
382	401
86	465
277	61
331	234
400	414
352	169
104	171
360	132
257	72
38	485
103	273
493	287
21	144
494	376
318	441
408	115
235	23
72	350
330	393
331	144
109	375
36	82
80	358
10	91
333	162
236	455
90	487
69	148
264	236
402	317
258	305
375	196
122	374
489	114
194	386
103	211
288	286
32	2
26	159
86	237
96	184
190	221
4	208
54	53
480	68
24	290
492	52
380	90
35	24
141	400
144	159
470	366
366	188
193	126
281	206
374	260
144	422
117	32
243	423
197	361
137	306
252	101
356	299
340	452
166	208
364	396
412	461
309	163
391	62
353	389
378	262
482	117
423	281
109	51
233	128
65	307
295	408
34	25
120	305
430	349
227	38
402	419
335	359
200	153
327	419
62	408
183	320
295	371
166	84
438	262
65	53
315	353
482	336
46	435
254	327
155	194
485	287
40	380
452	39
394	391
297	379
2	138
291	135
165	388
169	250
472	78
48	340
482	49
353	241
248	70
149	117
414	200
245	29
164	332
475	3
464	486
46	222
195	411
482	472
163	383
131	265
195	323
492	482
275	417
261	343
92	63
86	135
156	45
319	126
291	414
280	291
117	455
494	128
260	468
153	211
294	435
273	225
487	87
296	190
93	283
162	19
150	165
440	56
84	126
315	357
373	266
288	420
45	360
213	170
476	272
219	36
97	214
48	416
417	21
440	277
233	96
60	347
154	136
499	345
99	163
416	337
307	197
70	166
90	78
146	66
149	288
76	134
121	434
477	387
179	318
429	87
339	32
50	77
252	133
467	325
329	480
107	465
483	314
270	129
25	437
139	434
118	223
180	162
249	461
207	195
402	316
458	359
222	483
13	456
29	291
317	317
209	16
261	6
190	62
477	288
133	389
282	333
482	437
16	183
62	85
248	231
267	322
483	74
338	101
89	332
183	443
347	365
155	85
111	241
409	184
258	396
479	297
200	235
67	171
147	318
387	19
366	455
116	401
421	60
336	109
62	453
31	488
428	437
24	378
340	455
398	220
221	452
190	259
300	272
40	140
305	127
273	15
251	279
91	64
6	228
444	321
120	55
74	178
89	12
16	458
410	66
330	191
18	221
316	242
244	405
237	340
415	237
131	361
223	263
158	340
416	243
393	476
318	95
306	206
324	494
422	62
86	60
326	73
22	35
9	165
338	128
86	277
300	117
342	153
244	76
18	8
363	0
36	489
201	155
176	423
124	217
467	31
432	108
124	292
312	377
94	42
23	251
234	8
68	387
45	279
428	152
388	324
301	41
236	469
381	21
229	462
313	451
286	195
228	46
14	278
172	369
382	147
339	301
223	103
495	479
153	342
136	29
379	245
96	88
306	85
406	164
427	298
236	237
204	251
110	343
134	83
490	268
242	421
166	2
416	169
30	336
458	152
28	114
54	398
19	1
69	311
31	488
40	383
31	50
296	31
201	361
410	390
351	85
354	48
3	402
237	347
240	462
347	483
4	131
211	0
447	413
26	180
261	101
182	370
325	83
159	427
394	322
337	119
290	350
145	448
227	345
146	212
345	103
80	461
299	228
204	278
482	240
384	0
424	48
183	198
183	292
444	343
29	113
102	247
152	203
79	357
34	299
475	160
378	177
154	492
411	422
207	432
390	210
100	483
496	343
309	128
103	276
64	355
185	482
175	389
255	350
385	227
304	141
468	296
130	52
245	469
338	279
343	103
307	470
173	140
461	104
58	135
376	336
478	362
208	305
55	137
293	5
359	214
356	238
13	39
193	258
36	356
309	33
251	22
443	325
268	385
474	50
304	307
146	120
315	338
192	214
309	308
57	477
272	465
91	342
191	258
63	105
460	117
43	171
405	286
332	382
384	361
156	121
129	437
333	243
299	157
262	5
163	166
8	497
229	18
445	465
160	100
413	121
192	12
293	181
184	50
265	239
334	15
207	61
300	485
42	242
361	289
218	463
276	222
245	314
181	343
286	231
345	165
258	120
209	437
92	51
0	87
71	37
402	109
75	354
260	181
464	53
189	232
451	111
372	88
80	204
317	486
110	473
498	470
146	15
430	40
14	33
349	43
84	491
435	313
263	353
207	191
288	435
240	479
199	177
207	256
125	390
128	461
172	169
279	343
94	229
240	268
3	460
299	285
254	35
29	100
489	180
0	79
44	405
166	338
356	133
497	207
368	69
203	209
405	449
217	186
448	96
390	307
157	26
406	194
292	114
293	314
67	405
311	276
110	222
206	1
279	263
166	317
62	213
233	30
473	396
498	453
299	45
337	387
30	277
65	376
367	23
499	87
78	207
275	62
54	388
52	400
55	139
222	184
211	13
155	444
92	102
31	428
288	304
144	286
239	408
146	335
82	495
74	495
17	38
418	138
374	80
381	159
2	330
397	263
165	310
209	387
194	267
41	498
461	112
284	158
400	455
464	182
201	194
75	38
414	74
171	59
92	333
449	93
186	70
303	255
470	159
370	255
114	119
78	423
140	262
301	484
156	230
223	213
364	488
349	436
319	400
390	173
43	421
3	400
176	113
428	114
461	386
406	120
181	123
128	480
192	345
166	484
85	178
60	309
380	116
385	377
97	390
447	13
95	193
224	355
56	446
424	364
466	273
66	365
343	337
69	212
370	183
315	326
57	365
345	405
140	38
90	488
424	126
318	483
353	137
163	477
37	281
347	167
318	240
74	404
87	347
31	468
204	458
97	490
17	269
355	289
184	256
461	79
451	411
323	169
316	12
269	227
117	415
337	466
55	456
17	127
475	264
360	430
261	34
32	56
69	377
382	118
92	272
497	264
443	61
174	285
360	223
466	461
86	206
342	170
240	193
339	308
73	320
134	437
1	72
111	35
476	493
118	312
193	195
283	348
188	448
195	83
65	69
260	456
53	136
246	373
122	415
21	309
302	423
79	491
17	380
319	109
236	157
187	465
78	408
222	127
10	333
110	10
176	35
354	470
333	128
486	263
463	441
179	395
478	98
481	416
40	326
451	128
391	117
394	88
344	64
347	38
281	226
484	174
76	141
90	396
336	245
364	143
446	328
388	182
432	55
167	356
118	465
79	378
182	122
25	258
341	259
226	303
364	305
487	476
194	91
240	113
0	158
153	329
371	247
281	206
258	336
216	152
483	249
41	25
492	3
205	261
43	232
442	442
357	409
320	359
216	152
301	487
434	324
118	241
314	139
309	79
442	284
290	380
144	432
362	258
371	431
119	344
85	324
119	5
38	125
403	364
52	52
453	49
50	416
393	465
28	272
245	297
277	295
400	118
484	160
105	297
497	432
337	44
108	179
482	103
487	484
332	186
25	221
495	342
396	331
347	58
160	258
200	211
362	197
394	161
363	382
399	146
187	250
0	136
219	464
51	116
322	3
144	129
336	97
243	344
7	7
261	246
159	496
11	283
271	51
327	114
486	457
255	369
85	27
213	209
442	356
317	15
57	23
397	234
403	289
142	41
28	46
373	300
403	111
457	403
362	135
197	207
324	62
447	106
130	344
86	66
341	115
169	134
129	485
328	480
216	336
60	407
463	147
161	133
58	166
143	57
316	359
23	208
457	485
139	465
495	10
261	139
56	72
386	367
190	336
154	280
471	431
316	248
456	34
367	420
116	78
473	383
261	446
477	472
413	361
36	246
165	376
256	437
312	248
237	231
24	448
497	81
66	450
27	381
182	240
469	357
251	103
322	358
116	248
327	495
277	63
206	356
149	185
357	203
280	194
497	426
330	197
83	223
135	124
420	126
383	111
357	449
133	224
158	42
479	245
369	185
92	415
48	449
442	264
143	114
325	152
367	476
370	311
382	499
389	490
300	251
413	293
289	96
225	414
414	167
92	409
267	215
350	320
26	395
11	382
273	481
342	451
218	285
494	234
140	168
481	68
206	428
416	225
460	192
451	349
454	145
136	405
345	17
460	71
341	39
475	60
293	140
239	214
71	25
279	499
351	31
53	281
315	4
482	375
49	495
412	384
89	248
103	411
27	358
353	252
181	438
327	307
186	256
308	255
125	240
136	429
213	139
251	386
479	197
362	211
374	237
255	101
452	24
64	285
285	434
221	434
97	282
35	233
339	456
33	83
57	206
139	479
228	233
46	307
412	414
231	93
138	413
396	105
154	68
452	174
383	430
40	26
314	496
78	112
262	477
495	494
314	358
470	79
434	372
211	275
321	274
162	385
477	471
192	147
247	258
491	342
73	185
131	448
67	220
298	215
22	194
413	127
401	34
386	401
98	216
33	379
20	78
78	136
378	116
477	41
401	168
437	393
52	91
153	15
81	485
337	130
31	368
84	363
382	72
154	75
459	261
472	267
145	119
277	181
343	123
133	463
241	344
378	444
50	393
378	356
203	353
420	270
441	365
342	65
40	86
4	102
3	97
284	350
157	31
337	20
435	253
444	447
326	496
433	101
300	66
455	331
142	407
334	261
348	360
145	334
407	386
198	387
197	333
362	369
188	399
395	469
426	249
460	239
146	253
219	246
282	103
410	427
177	302
265	161
107	334
417	254
449	281
325	485
429	375
61	216
481	251
399	360
204	267
367	91
185	415
212	414
29	227
222	477
285	324
259	125
200	437
344	128
259	31
65	164
375	306
429	450
121	343
485	205
345	448
460	76
276	166
116	333
139	255
140	181
129	307
341	436
466	385
224	494
15	228
354	84
267	115
423	188
463	299
428	37
265	155
108	406
150	14
2	63
389	146
438	414
482	404
295	89
185	245
232	393
253	260
103	345
240	297
41	89
39	38
34	450
388	381
437	77
440	467
492	28
440	404
298	85
476	67
261	33
325	257
300	192
44	183
445	79
232	333
81	87
427	302
169	198
134	205
265	496
338	325
240	173
450	2
275	181
393	484
38	485
43	198
421	353
485	416
384	339
398	450
363	251
492	17
369	224
479	307
28	420
35	3
395	249
353	171
58	164
220	475
55	234
349	151
406	441